2.60513003701
1.7008117695
1.02040001902
0.678503022608
0.541202473438
0.447461864706
0.389366275931
0.357114697412
0.330264834277
0.305461672277
0.300981473115
0.287443224278
0.271929141071
0.261011727154
0.25806530565
0.249462331251
0.241105472385
0.238895160541
0.234583295377
0.221438031075
2.70666128195
1.71885895022
0.949885282981
0.709228910632
0.545904194399
0.455114343914
0.389317691074
0.358531726872
0.326198306503
0.306159147898
0.29820128303
0.285264102079
0.273345643181
0.269074276469
0.260952015423
0.252083241056
0.243831087093
0.239233093999
0.2295573845
0.230946396872
2.43390805944
1.15139193959
0.639992453789
0.46220250453
0.3865853346
0.341901798117
0.311635661049
0.289486449401
0.271887508237
0.260761546255
0.245372964922
0.23817576026
0.234042716607
0.228257422604
0.219337834519
0.21358926367
0.209769941109
0.205047238176
0.19969720646
0.192368137508
2.82156853353
1.13823598623
0.54263096871
0.371052651335
0.299104644207
0.260393264056
0.236877808884
0.216031641273
0.204040938262
0.193766227718
0.18388570138
0.174911163242
0.168720215306
0.163034712548
0.157546307892
0.152262408223
0.147418804404
0.142344079343
0.138009662472
0.133308790245
1.76086207366
0.636974495851
0.432628589919
0.362769232463
0.320827824332
0.290859699376
0.269751439787
0.249895006545
0.234343462071
0.223534721818
0.213632972185
0.203524565293
0.192123351461
0.187636589347
0.180090817607
0.172943259005
0.165140922797
0.159373916433
0.153130452007
0.148341191459
2.31997867156
1.0566077096
0.648398616304
0.453225261579
0.375119801295
0.328808101557
0.301841810093
0.287015396407
0.263596622747
0.256938236623
0.242158923614
0.231890546568
0.231712536286
0.228844969581
0.210996080253
0.204769386831
0.20210673016
0.201341678909
0.192926504476
0.193178860692
2.33724717872
1.06737984944
0.689088189248
0.488813148969
0.409122237967
0.354726761832
0.321498787252
0.299047190885
0.276371965848
0.264194482338
0.254671905253
0.236384560244
0.230204291137
0.219906749614
0.218620916039
0.206547031589
0.207693794269
0.200328900147
0.192649352348
0.189970784268
2.367565251
1.13164037416
2.37687284259
1.1190084618
0.67579294135
0.479836981428
0.393785167296
0.350249922629
2.40292126243
1.14827129144
0.682756599733
2.46348862628
1.17710276327
0.671338246283
0.503482873409
0.410349864576
0.353052300922
0.316692579601
0.291875461779
0.276039209911
0.260428518057
0.254424713552
0.243451545931
0.2360341434
0.227380340635
0.217680970744
0.21341352291
0.206310413146
0.20092211247
0.198372574555
0.189967690383
2.43252471847
1.16492122412
0.680010739777
0.497806195485
0.411114703043
0.361575763104
0.330596167152
0.307916067919
0.290451240868
0.274222143121
0.258591138205
0.250234938274
0.246726170814
0.229309062584
0.227274235149
0.222249918696
0.211824153818
0.206338839258
0.204048073014
0.190508995521
2.64215112055
2.54885887133
1.73509361937
1.18952704604
0.823626300773
0.669750373911
0.622579347443
0.530417518841
0.454460396155
0.402034805433
0.373956105194
0.353963403283
0.334473539043
0.320941366859
0.305068429257
0.296794035145
0.284624092482
0.276569932699
0.271317272573
0.256637181382
0.25381617973
0.248275308996
0.248092870455
0.235399071026
0.236430099284
0.232205115863
0.228348152058
0.223661971656
0.215701347267
0.222052342988
0.207714226198
0.204059557738
0.204596589143
0.199828766085
0.202992782802
0.190417320342
0.18494564174
0.193375150094
0.184669876824
0.182299122617
0.181820578672
0.17931627744
0.172541612709
0.17310191409
0.169246326226
0.171143151417
2.65231925732
2.68956923807
2.26134838285
2.71545659529
2.30897831595
1.70937452284
2.53503074517
2.39693252138
2.01311544792
1.30651683099
0.955779429223
0.737238225099
0.583632719678
0.503365068017
0.434731629249
0.399130417688
0.367197931618
0.347475323323
0.331838643229
0.311750138128
0.297677441626
0.285419112927
0.285633221671
0.266426785169
0.254449152866
0.25131796099
0.25104775018
0.248193045726
0.239089066918
0.229378896791
0.231104508042
0.219340550336
0.22753334569
0.21419436102
0.217313201041
0.210932408636
0.205986624634
0.209380476056
0.203130518262
0.197698232693
0.196291597711
0.191024404523
0.189571777308
0.184859889585
0.176914599699
0.177184963951
0.178776385816
0.177062512652
0.177173460859
0.173741686787
0.165627176093
0.17615184349
0.161701998396
0.165531722879
0.166760562844
0.157017476051
0.161847153225
0.158525630026
0.150706268444
2.39213874077
1.06316748388
0.621437267479
0.458526349169
0.382293090224
0.340696283064
0.31012149433
0.283750326957
0.270613321687
0.261182723535
0.25142651468
0.236523134602
0.225999738705
0.223582016462
0.213649460446
0.207784121193
0.20535816429
0.195577020362
0.192298429118
0.188308934286
0.18250825616
0.180553150695
0.179228924467
0.173962308378
0.167186055143
0.163005112591
0.164066803468
0.161343965174
0.156828574015
2.36047720707
1.20301622961
0.642884994462
0.446705429231
0.370956644163
0.332622525298
0.301024437708
0.286788632935
0.268895248614
0.258753447462
0.243643138747
0.236879458998
0.22586778867
0.220572054765
0.210026069465
0.211594946935
0.201235906805
0.194999779685
0.193428876541
0.185963644062
0.184029360065
0.18572872593
0.179778243968
0.17058354793
0.169332554595
0.166967127409
0.160189352361
0.159776787574
0.160731262196
0.156150724171
0.15501530519
0.149310815764
0.146637120616
0.142807559505
0.141606217408
0.137007400267
0.138101922822
0.137178322395
0.135281692622
0.1301383044
0.125176914668
0.126692193734
0.121334409625
0.123955302824
0.122713683078
0.120571839607
0.118704898504
0.115050414735
0.118258515594
0.113319172445
2.5005227095
2.49131619223
2.42906965644
2.4018676483
2.36316064758
1.09034876904
0.625321506191
0.474443874117
0.394351679642
0.3469779302
0.318670626667
0.294528835153
0.276856045728
0.264943376562
0.253393785554
0.24373893806
0.234549020307
0.225955950886
0.219078599649
0.211101795531
0.210000049639
0.201074279718
0.195947761379
0.191667908708
0.186038637313
0.17922932522
0.176480650018
0.173755382709
0.169397297615
0.168225507426
0.164367645284
0.160657900117
0.16052606986
0.154855827469
0.151512816233
0.149123916623
0.147102949983
0.143731422154
0.143382868209
0.141508304909
0.136373372275
0.136439193545
0.134106915697
0.136528431043
0.12888001518
0.127021871255
0.125369870625
0.125516114725
0.123248870342
0.121284781939
0.11901266734
0.120079125451
0.118831130534
0.118029061452
3.01557000916
2.26928895005
1.91818244149
2.05241599073
1.44753992128
1.95143807275
1.61233430419
1.45701383496
1.67863720984
1.79676755316
1.74472685916
1.56263329518
1.71300613564
1.78701294744
2.01705292802
1.8843209013
1.49384372157
1.56767607064
1.72111850181
1.48410445509
1.58861335651
1.84623136738
1.79054641597
1.58192803843
1.94837046572
1.55132876968
1.76202902968
1.65400706705
1.46834981138
1.93924057206
1.83500249791
1.64645102854
1.72630027978
1.6708331934
1.88013234229
1.43176362897
1.37879592486
1.53443076335
1.80004722713
1.66405729987
1.60940641057
1.92423595974
