 0.322467
 0.587259
 0.687974
 0.758660
 0.804472
 0.836440
 0.853788
 0.870261
 0.883157
 0.891070
 0.895695
 0.902214
 0.905216
 0.906523
 0.910415
 0.910702
 0.914709
 0.915657
 0.919017
 0.918543
 0.920223
 0.922895
 0.924000
 0.925078
 0.925221
 0.927260
 0.928783
 0.928682
 0.930750
 0.931727
 0.932301
 0.932071
 0.933824
 0.933551
 0.934297
 0.934585
 0.935145
 0.935805
 0.936581
 0.936480
 0.937744
 0.937701
 0.937960
 0.937744
 0.938577
 0.937715
 0.938118
 0.937974
 0.938462
 0.938778
 0.100220
 0.353109
 0.128106
 0.326009
 0.333550
 0.336738
 0.340156
 0.362847
 0.409098
 0.414564
 0.438761
 0.487942
 0.510390
 0.541178
 0.571181
 0.600939
 0.625217
 0.634128
 0.655965
 0.680881
 0.697754
 0.700589
 0.734619
 0.750705
 0.770725
 0.779093
 0.789849
 0.099150
 0.303955
 0.334990
 0.428955
 0.537626
 0.664249
 0.709774
 0.759421
 0.812026
 0.839772
 0.862190
 0.873176
 0.881333
 0.883990
 0.894273
 0.897964
 0.899285
 0.905848
 0.910960
 0.910329
 0.913488
 0.916145
 0.914479
 0.918830
 0.920137
 0.920784
 0.923469
 0.924187
 0.925681
 0.927059
 0.928036
 0.928740
 0.929242
 0.930205
 0.932186
 0.932861
 0.343506
 0.092516
 0.231255
 0.341526
 0.115302
 0.342150
 0.342638
 0.235094
 0.345798
 0.357056
 0.332587
 0.437798
 0.594767
 0.632785
 0.716824
 0.745131
 0.788181
 0.833659
 0.847005
 0.857829
 0.863824
 0.868462
 0.874797
 0.875990
 0.881592
 0.881985
 0.884684
 0.199133
 0.246194
 0.186696
 0.358097
 0.635943
 0.741642
 0.776784
 0.790671
 0.815286
 0.820040
 0.837675
 0.848001
 0.854693
 0.860352
 0.862822
 0.867044
 0.869528
 0.867446
 0.874899
 0.877829
 0.876939
 0.881649
 0.887049
 0.885053
 0.884162
 0.889117
 0.253346
 0.278421
 0.250747
 0.336038
 0.395450
 0.489488
 0.588566
 0.694494
 0.765467
 0.806282
 0.836828
 0.855426
 0.861831
 0.869284
 0.872903
 0.877456
 0.879725
 0.885555
 0.887006
 0.889146
 0.270551
 0.309096
 0.624253
 0.767750
 0.825856
 0.859935
 0.877743
 0.881735
 0.893425
 0.898438
 0.902617
 0.906638
 0.909567
 0.914536
 0.917021
 0.920669
 0.920640
 0.922162
 0.925164
 0.925106
 0.925753
 0.926155
 0.927016
 0.927505
 0.929242
 0.930205
 0.309197
 0.308780
 0.308824
 0.314783
 0.311150
 0.487448
 0.597498
 0.716481
 0.761417
 0.787497
 0.843793
 0.858973
 0.874325
 0.881980
 0.886015
 0.126163
 0.351060
 0.538876
 0.660601
 0.745663
 0.802878
 0.839370
 0.851663
 0.865292
 0.875761
 0.880371
 0.886776
 0.895795
 0.901769
 0.902717
 0.906968
 0.909295
 0.912885
 0.914307
 0.915470
 0.913747
 0.915685
 0.919391
 0.920740
 0.920626
 0.922737
 0.921459
 0.924359
 0.924876
 0.926901
 0.927734
 0.926729
 0.927720
 0.929400
 0.930362
 0.930449
 0.931497
 0.932186
 0.932330
 0.931957
 0.933709
 0.931641
 0.933019
 0.933752
 0.935016
 0.934527
 0.935403
 0.935619
 0.936078
 0.937328
 0.296834
 0.348267
 0.361911
 0.479329
 0.545573
 0.604519
 0.624959
 0.658502
 0.695923
 0.728271
 0.751695
 0.768039
 0.814833
 0.815470
 0.827691
 0.839071
 0.842665
 0.860636
 0.869832
 0.888577
 0.886149
 0.891249
 0.899238
 0.902873
 0.903998
 0.907905
 0.913968
 0.269847
 0.650577
 0.772059
 0.818359
 0.849466
 0.871352
 0.886259
 0.906207
 0.915728
 0.917969
 0.920841
 0.923900
 0.925695
 0.929745
 0.931368
 0.933838
 0.934542
 0.936035
 0.937543
 0.938118
 0.939798
 0.940473
 0.940904
 0.941550
 0.941866
 0.942957
 0.942282
 0.943345
 0.943374
 0.943876
 0.944192
 0.944408
 0.944408
 0.945399
 0.946031
 0.945815
 0.946490
 0.946303
 0.946045
 0.946892
 0.947596
 0.948314
 0.948328
 0.948242
 0.948343
 0.948127
 0.948156
 0.948113
 0.948860
 0.949405
 0.071099
 0.063273
 0.125990
 0.506660
 0.608466
 0.682142
 0.776544
 0.804213
 0.832370
 0.851617
 0.864217
 0.875854
 0.883681
 0.890096
 0.894857
 0.897380
 0.902724
 0.906291
 0.912177
 0.914808
 0.918281
 0.921970
 0.924628
 0.924099
 0.926270
 0.929308
 0.929782
 0.931546
 0.933499
 0.934692
 0.935845
 0.936361
 0.937134
 0.938192
 0.938843
 0.939114
 0.940131
 0.940063
 0.941284
 0.941325
 0.941650
 0.941827
 0.942735
 0.943454
 0.944444
 0.944743
 0.944946
 0.945597
 0.944892
 0.945882
 0.231174
 0.346042
 0.407050
 0.574517
 0.640286
 0.713013
 0.779202
 0.811808
 0.851780
 0.866238
 0.876261
 0.881429
 0.890028
 0.896891
 0.902913
 0.903564
 0.914049
 0.916368
 0.918132
 0.920695
 0.922675
 0.925754
 0.929443
 0.929755
 0.930203
 0.931532
 0.932726
 0.934177
 0.936022
 0.936985
 0.937853
 0.939399
 0.940484
 0.941298
 0.941786
 0.941732
 0.261274
 0.675480
 0.788158
 0.853846
 0.872171
 0.882942
 0.892420
 0.897949
 0.903349
 0.908016
 0.911190
 0.913646
 0.914694
 0.918845
 0.921099
 0.922478
 0.924905
 0.925896
 0.927289
 0.925623
 0.928826
 0.930090
 0.930449
 0.932057
 0.930822
 0.933206
 0.935231
 0.935288
 0.936279
 0.935877
 0.936710
 0.938218
 0.937486
 0.936322
 0.938175
 0.938663
 0.938850
 0.939195
 0.939381
 0.939941
 0.940501
 0.940099
 0.939984
 0.939827
 0.940904
 0.940473
 0.941406
 0.941162
 0.942081
 0.942541
 0.318230
 0.277530
 0.468506
 0.592702
 0.714284
 0.775764
 0.825899
 0.849064
 0.841725
 0.874440
 0.883818
 0.888571
 0.896125
 0.902976
 0.886503
 0.909208
 0.913833
 0.917753
 0.919103
 0.920898
 0.922335
 0.925092
 0.925580
 0.927605
 0.929386
 0.928697
 0.930722
 0.932143
 0.932402
 0.932933
 0.934341
 0.934714
 0.935619
 0.936164
 0.936954
 0.938893
 0.938649
 0.937443
 0.938505
 0.937988
 0.938764
 0.939913
 0.940588
 0.941464
 0.942081
 0.941880
 0.941119
 0.942656
 0.942771
 0.942541
 0.535343
 0.813146
 0.862089
 0.880572
 0.899156
 0.913359
 0.918830
 0.923483
 0.927174
 0.931009
 0.932244
 0.934800
 0.936638
 0.937285
 0.938879
 0.939209
 0.940157
 0.940200
 0.941464
 0.941392
 0.942756
 0.944221
 0.942340
 0.944551
 0.944250
 0.943316
 0.944494
 0.945241
 0.944752
 0.945600
 0.945801
 0.946102
 0.946375
 0.946318
 0.946864
 0.947179
 0.947309
 0.369916
 0.500474
 0.760498
 0.836541
 0.850126
 0.869830
 0.879624
 0.888930
 0.903249
 0.913732
 0.918974
 0.921875
 0.926068
 0.927605
 0.931296
 0.932273
 0.935475
 0.935978
 0.938247
 0.938678
 0.939568
 0.940659
 0.941737
 0.942598
 0.942799
 0.943632
 0.945356
 0.945743
 0.945413
 0.945873
 0.946720
 0.946907
 0.948027
 0.948730
 0.948501
 0.948673
 0.267851
 0.294161
 0.340490
 0.243509
 0.224566
 0.220603
 0.259679
 0.289264
 0.284366
 0.411363
 0.444709
 0.606761
 0.673110
 0.739832
 0.762767
 0.787885
 0.807660
 0.817828
 0.831830
 0.838652
 0.842156
 0.836814
 0.850959
 0.852970
 0.854665
 0.859217
 0.859131
 0.859705
 0.861587
 0.863640
 0.866484
 0.314874
 0.218519
 0.186483
 0.156196
 0.169718
 0.190430
 0.195841
 0.303290
 0.336494
 0.403103
 0.452026
 0.499742
 0.529351
 0.567410
 0.635091
 0.667467
 0.688883
 0.723443
 0.760756
 0.772393
 0.788411
 0.801853
 0.808539
 0.816420
 0.824232
 0.827311
 0.836032
 0.253346
 0.258689
 0.285659
 0.267363
 0.502528
 0.540140
 0.616110
 0.679084
 0.747027
 0.797220
 0.830423
 0.847584
 0.869198
 0.881233
 0.889505
 0.895221
 0.899213
 0.901037
 0.903450
 0.906293
 0.908347
 0.910975
 0.911966
 0.913201
 0.914867
 0.917035
 0.918385
 0.918830
 0.919735
 0.921415
 0.923685
 0.924489
 0.923842
 0.924920
 0.926499
 0.926715
 0.927031
 0.113959
 0.001248
 0.147610
 0.115655
 0.357869
 0.390110
 0.410102
 0.458496
 0.477797
 0.505927
 0.545220
 0.585517
 0.616876
 0.633925
 0.662760
 0.688314
 0.728638
 0.771213
 0.800103
 0.813314
 0.826701
 0.841390
 0.855062
 0.861315
 0.865763
 0.873060
 0.880588
 0.221450
 0.339011
 0.345157
 0.544477
 0.584947
 0.673239
 0.727884
 0.767750
 0.817340
 0.832204
 0.840117
 0.851778
 0.856531
 0.862247
 0.866670
 0.870290
 0.871151
 0.875345
 0.879079
 0.880357
 0.878131
 0.884435
 0.885139
 0.885383
 0.887164
 0.888543
 0.889490
 0.890338
 0.253361
 0.547694
 0.710234
 0.799058
 0.838293
 0.868796
 0.880946
 0.890036
 0.899256
 0.902487
 0.909740
 0.914378
 0.920367
 0.922636
 0.923828
 0.926815
 0.927404
 0.929285
 0.931799
 0.932847
 0.933809
 0.932201
 0.935188
 0.936107
 0.936595
 0.937299
 0.937644
 0.938419
 0.937845
 0.939439
 0.938347
 0.938950
 0.939511
 0.940401
 0.940659
 0.941751
 0.941837
 0.941105
 0.940272
 0.942900
 0.942929
 0.942756
 0.132295
 0.359461
 0.437902
 0.488755
 0.548527
 0.602237
 0.662425
 0.704690
 0.744500
 0.786980
 0.798426
 0.820327
 0.835464
 0.835722
 0.848259
 0.162138
 0.350428
 0.428093
 0.659266
 0.737032
 0.799331
 0.852812
 0.873219
 0.881376
 0.885484
 0.889045
 0.893267
 0.895063
 0.899127
 0.905474
 0.905862
 0.910946
 0.913014
 0.915183
 0.917825
 0.918543
 0.919146
 0.921171
 0.924101
 0.925652
 0.062198
 0.289350
 0.309010
 0.330078
 0.413718
 0.677763
 0.744054
 0.771398
 0.823975
 0.845560
 0.865967
 0.880299
 0.886977
 0.891558
 0.895149
 0.331414
 0.678596
 0.872386
 0.894072
 0.906035
 0.915154
 0.922320
 0.928194
 0.930535
 0.933062
 0.934915
 0.936911
 0.937313
 0.938893
 0.939525
 0.939582
 0.940602
 0.941507
 0.941507
 0.942627
 0.942440
 0.942972
 0.942570
 0.942871
 0.944049
 0.943359
 0.943747
 0.944896
 0.945312
 0.944638
 0.944709
 0.945126
 0.945715
 0.353855
 0.459012
 0.556410
 0.661811
 0.701213
 0.795383
 0.807373
 0.846870
 0.870226
 0.872491
 0.885824
 0.901679
 0.906860
 0.909763
 0.911730
 0.914402
 0.916070
 0.918918
 0.923937
 0.926025
 0.928752
 0.929362
 0.930773
 0.932563
 0.933716
 0.933757
 0.936863
 0.936605
 0.938015
 0.939141
 0.939304
 0.941230
 0.940932
 0.940945
 0.941772
 0.942681
 0.943481
 0.943861
 0.944838
 0.945977
 0.946682
 0.945787
 0.946954
 0.947428
 0.947510
 0.948717
 0.948473
 0.948839
 0.948039
 0.949042
 0.570930
 0.686811
 0.807359
 0.889103
 0.912267
 0.921760
 0.929630
 0.933996
 0.936624
 0.938433
 0.942081
 0.942885
 0.943675
 0.945140
 0.945614
 0.946059
 0.947366
 0.947294
 0.948443
 0.948170
 0.948831
 0.948932
 0.949161
 0.949219
 0.949348
 0.949291
 0.949779
 0.948802
 0.949721
 0.950497
 0.950368
 0.950195
 0.950454
 0.950310
 0.950152
 0.951143
 0.950368
 0.950181
 0.950985
 0.950755
 0.951416
 0.950382
 0.951373
 0.951430
 0.951100
 0.951201
 0.951287
 0.950942
 0.951631
 0.951330
 0.407362
 0.481879
 0.687581
 0.766303
 0.833008
 0.867310
 0.907566
 0.912381
 0.920288
 0.925008
 0.931613
 0.936483
 0.937514
 0.941379
 0.943319
 0.944295
 0.945435
 0.946927
 0.947537
 0.948676
 0.949246
 0.949178
 0.950439
 0.951497
 0.952081
 0.953152
 0.953640
 0.953695
 0.953681
 0.954468
 0.954251
 0.955580
 0.956177
 0.955594
 0.956095
 0.956299
 0.956801
 0.956814
 0.957492
 0.957533
 0.957099
 0.957682
 0.957954
 0.957411
 0.957275
 0.958143
 0.957248
 0.958347
 0.957818
 0.958130
 0.603487
 0.864330
 0.901597
 0.914091
 0.921616
 0.926485
 0.928366
 0.933982
 0.935461
 0.938304
 0.938175
 0.939152
 0.939884
 0.941133
 0.941895
 0.943805
 0.943675
 0.943977
 0.944896
 0.944910
 0.944968
 0.946447
 0.946533
 0.946562
 0.947136
 0.947280
 0.946375
 0.947510
 0.947653
 0.947409
 0.947136
 0.949262
 0.948472
 0.948156
 0.948386
 0.948257
 0.948271
 0.949075
 0.466409
 0.768842
 0.830710
 0.876752
 0.898768
 0.911233
 0.916245
 0.923225
 0.928452
 0.932071
 0.933996
 0.937414
 0.938405
 0.940746
 0.941435
 0.943029
 0.943503
 0.943747
 0.945413
 0.945614
 0.946045
 0.946691
 0.947869
 0.948257
 0.949334
 0.949319
 0.949262
 0.945542
 0.949061
 0.949980
 0.950741
 0.951000
 0.951675
 0.951057
 0.951315
 0.951344
 0.951617
 0.951488
 0.951962
 0.952163
 0.952177
 0.952235
 0.952364
 0.952436
 0.952522
 0.952551
 0.952680
 0.952192
 0.952235
 0.952034
 0.747257
 0.888069
 0.914019
 0.925724
 0.932646
 0.935920
 0.938606
 0.941162
 0.941737
 0.943848
 0.944566
 0.945341
 0.944652
 0.945241
 0.947065
 0.947711
 0.947653
 0.947567
 0.948314
 0.947208
 0.948285
 0.948415
 0.949362
 0.948730
 0.948960
 0.949707
 0.949492
 0.921803
 0.950037
 0.950368
 0.408244
 0.397176
 0.439046
 0.468601
 0.552314
 0.667101
 0.732137
 0.765828
 0.796956
 0.811293
 0.833876
 0.853041
 0.865343
 0.878120
 0.888902
 0.890842
 0.892809
 0.873969
 0.908027
 0.913778
 0.922241
 0.923910
 0.926229
 0.929620
 0.930135
 0.933472
 0.934245
 0.935031
 0.935696
 0.936808
 0.938477
 0.939168
 0.940525
 0.941338
 0.941962
 0.942776
 0.422952
 0.845746
 0.892952
 0.911793
 0.925207
 0.928452
 0.934987
 0.938477
 0.941047
 0.943546
 0.946002
 0.946677
 0.947438
 0.949204
 0.949822
 0.951545
 0.951028
 0.952709
 0.952881
 0.952981
 0.953441
 0.953384
 0.953556
 0.954604
 0.954389
 0.954690
 0.955136
 0.955897
 0.955480
 0.956083
 0.955983
 0.955681
 0.287641
 0.301471
 0.374612
 0.557660
 0.727826
 0.757152
 0.784424
 0.822582
 0.858513
 0.877456
 0.881247
 0.888270
 0.891214
 0.894976
 0.897202
 0.901453
 0.904110
 0.907054
 0.907902
 0.910271
 0.912583
 0.914867
 0.916547
 0.918514
 0.917997
 0.920396
 0.920755
 0.921315
 0.921387
 0.923842
 0.924331
 0.924762
 0.925781
 0.356106
 0.093465
 0.236084
 0.379639
 0.332153
 0.405341
 0.419230
 0.500339
 0.607910
 0.661892
 0.732123
 0.783447
 0.811117
 0.827013
 0.838515
 0.853285
 0.854275
 0.863254
 0.871840
 0.885607
 0.881144
 0.891615
 0.896145
 0.898994
 0.901177
 0.902818
 0.904880
 0.906006
 0.906711
 0.910821
 0.912869
 0.914768
 0.915948
 0.103185
 0.269416
 0.458841
 0.671947
 0.719999
 0.834659
 0.865536
 0.878734
 0.892449
 0.897920
 0.905187
 0.907298
 0.911133
 0.914292
 0.918888
 0.922105
 0.923541
 0.926155
 0.928237
 0.930391
 0.929903
 0.931569
 0.933134
 0.123603
 0.239271
 0.240845
 0.333700
 0.323907
 0.439006
 0.542887
 0.642714
 0.780680
 0.813531
 0.832113
 0.861274
 0.874078
 0.887343
 0.891886
 0.904243
 0.909424
 0.913547
 0.916680
 0.918891
 0.924669
 0.926880
 0.928860
 0.930420
 0.230038
 0.419750
 0.574736
 0.753878
 0.817340
 0.836713
 0.862793
 0.881778
 0.889490
 0.894962
 0.898509
 0.901109
 0.904929
 0.907571
 0.909352
 0.911707
 0.913502
 0.916016
 0.917265
 0.918357
 0.919577
 0.920784
 0.312328
 0.278952
 0.301844
 0.375043
 0.552907
 0.716625
 0.803122
 0.841050
 0.861888
 0.873262
 0.877571
 0.890381
 0.894115
 0.897734
 0.901568
 0.906379
 0.911090
 0.910831
 0.335923
 0.339901
 0.735596
 0.846033
 0.887063
 0.899845
 0.906810
 0.909812
 0.918400
 0.920109
 0.925092
 0.927059
 0.928711
 0.931009
 0.934384
 0.933895
 0.935963
 0.936753
 0.936782
 0.937888
 0.314367
 0.376795
 0.533591
 0.514318
 0.448802
 0.509823
 0.811523
 0.858700
 0.882899
 0.891558
 0.896930
 0.902143
 0.907270
 0.913876
 0.918443
 0.923871
 0.927275
 0.928481
 0.384048
 0.710306
 0.806569
 0.841309
 0.874095
 0.890065
 0.900434
 0.909065
 0.915341
 0.918486
 0.922579
 0.924417
 0.926844
 0.929185
 0.930061
 0.931698
 0.933680
 0.934240
 0.935762
 0.934326
 0.935317
 0.937701
 0.938563
 0.938591
 0.939683
 0.939884
 0.940487
 0.941047
 0.941521
 0.941607
 0.942368
 0.942526
 0.942096
 0.942541
 0.943230
 0.944178
 0.944523
 0.943388
 0.944623
 0.944393
 0.945111
 0.945485
 0.945284
 0.945384
 0.945628
 0.944523
 0.945715
 0.944523
 0.946217
 0.946691
 0.430190
 0.736845
 0.831916
 0.866355
 0.842098
 0.890998
 0.904081
 0.904010
 0.910673
 0.916087
 0.918572
 0.923828
 0.925551
 0.927591
 0.930348
 0.932100
 0.932603
 0.933795
 0.933536
 0.934628
 0.935533
 0.934398
 0.935762
 0.936868
 0.937629
 0.937931
 0.938146
 0.939568
 0.939453
 0.941119
 0.939697
 0.941076
 0.940344
 0.941564
 0.941148
 0.941263
 0.941866
 0.942024
 0.942929
 0.943029
 0.943273
 0.943144
 0.943130
 0.942814
 0.943474
 0.943474
 0.240275
 0.561374
 0.749566
 0.814602
 0.854370
 0.878879
 0.897122
 0.905762
 0.915148
 0.918810
 0.922594
 0.926080
 0.929376
 0.931763
 0.932224
 0.935194
 0.937771
 0.940009
 0.940280
 0.942247
 0.942912
 0.943685
 0.944065
 0.945747
 0.945774
 0.944878
 0.946126
 0.947171
 0.947564
 0.947998
 0.948296
 0.949544
 0.949287
 0.949843
 0.949259
 0.950765
 0.950833
 0.951185
 0.950765
 0.951009
 0.951131
 0.413215
 0.796143
 0.890467
 0.909094
 0.921688
 0.928093
 0.930492
 0.933737
 0.936538
 0.938433
 0.939999
 0.942196
 0.941909
 0.944092
 0.945097
 0.945916
 0.946217
 0.947194
 0.947323
 0.948386
 0.948185
 0.948774
 0.947854
 0.948860
 0.948860
 0.949305
 0.949563
 0.949018
 0.949477
 0.949865
 0.950224
 0.950784
 0.950124
 0.950224
 0.949607
 0.950353
 0.949032
 0.949377
 0.949420
 0.949621
 0.949578
 0.950612
 0.453125
 0.507975
 0.619073
 0.769857
 0.822279
 0.849976
 0.885512
 0.895779
 0.914781
 0.921902
 0.926270
 0.930054
 0.935655
 0.938504
 0.942044
 0.943915
 0.944797
 0.945489
 0.947238
 0.949137
 0.949585
 0.949558
 0.950399
 0.951755
 0.952189
 0.952664
 0.953695
 0.953640
 0.954278
 0.954766
 0.954237
 0.954848
 0.955160
 0.601146
 0.815071
 0.893138
 0.910156
 0.919233
 0.926442
 0.929831
 0.932330
 0.933824
 0.935303
 0.938419
 0.939266
 0.941004
 0.942268
 0.942785
 0.943087
 0.943589
 0.943489
 0.944494
 0.944666
 0.944422
 0.945987
 0.945097
 0.946490
 0.946792
 0.946447
 0.947079
 0.946864
 0.947065
 0.947007
 0.946591
 0.946102
 0.947165
 0.273222
 0.674245
 0.772576
 0.635441
 0.864545
 0.891558
 0.895608
 0.905331
 0.918084
 0.923512
 0.930635
 0.931684
 0.934771
 0.936724
 0.938836
 0.939238
 0.941291
 0.941579
 0.943331
 0.943288
 0.944623
 0.945743
 0.946763
 0.947424
 0.946921
 0.948285
 0.948199
 0.948960
 0.948644
 0.948774
 0.949836
 0.949750
 0.950842
 0.764088
 0.897978
 0.918012
 0.930161
 0.934714
 0.939439
 0.940975
 0.942024
 0.944609
 0.944968
 0.946031
 0.946160
 0.946634
 0.947194
 0.946878
 0.947682
 0.948285
 0.948041
 0.948960
 0.947998
 0.948960
 0.949032
 0.948601
 0.949463
 0.949362
 0.948271
 0.948975
 0.948357
 0.949219
 0.948960
 0.386633
 0.702622
 0.818072
 0.880859
 0.906092
 0.919563
 0.928711
 0.934355
 0.937744
 0.941018
 0.943374
 0.945786
 0.946246
 0.947510
 0.947754
 0.949721
 0.951071
 0.950325
 0.950755
 0.952594
 0.952651
 0.952349
 0.952507
 0.953355
 0.954087
 0.954762
 0.954719
 0.954820
 0.235797
 0.298900
 0.320068
 0.403464
 0.525979
 0.636403
 0.654369
 0.701330
 0.707462
 0.765209
 0.803136
 0.836024
 0.840389
 0.840160
 0.861960
 0.874124
 0.877729
 0.882410
 0.886618
 0.891041
 0.893397
 0.896283
 0.898050
 0.901511
 0.903148
 0.905661
 0.907657
 0.907887
 0.909754
 0.910544
 0.912009
 0.913373
 0.240858
 0.120171
 0.275187
 0.291395
 0.309828
 0.392361
 0.469008
 0.533013
 0.601739
 0.726535
 0.752835
 0.795397
 0.809638
 0.829034
 0.841580
 0.850138
 0.862929
 0.872220
 0.880764
 0.886041
 0.886868
 0.892687
 0.897203
 0.899007
 0.317239
 0.295238
 0.394833
 0.627571
 0.761015
 0.843276
 0.875862
 0.886747
 0.899572
 0.909065
 0.912152
 0.920956
 0.920654
 0.925164
 0.928108
 0.929013
 0.930879
 0.932057
 0.933579
 0.935331
 0.936437
 0.939080
 0.938749
 0.049719
 0.375948
 0.577709
 0.726922
 0.792222
 0.822998
 0.849854
 0.867331
 0.875259
 0.884881
 0.893138
 0.900807
 0.898380
 0.906595
 0.911233
 0.914680
 0.916920
 0.918098
 0.920697
 0.923713
 0.924130
 0.926629
 0.927160
 0.929328
 0.929917
 0.931641
 0.933163
 0.933838
 0.934542
 0.936696
 0.938017
 0.939022
 0.938290
 0.940516
 0.939913
 0.940387
 0.941751
 0.940530
 0.941579
 0.942196
 0.941981
 0.943259
 0.943575
 0.943704
 0.944221
 0.945198
 0.944752
 0.944867
 0.945830
 0.945743
 0.336494
 0.238091
 0.259698
 0.361098
 0.361844
 0.432631
 0.590210
 0.644192
 0.709690
 0.729004
 0.825046
 0.867011
 0.885593
 0.898980
 0.901815
 0.907566
 0.318072
 0.418601
 0.712804
 0.812787
 0.836756
 0.864703
 0.875833
 0.887968
 0.891070
 0.896355
 0.901468
 0.906020
 0.910171
 0.910932
 0.897705
 0.316607
 0.173412
 0.229320
 0.283203
 0.335464
 0.498219
 0.539924
 0.680980
 0.708525
 0.767248
 0.828197
 0.846694
 0.860581
 0.317067
 0.378361
 0.717041
 0.803984
 0.250445
 0.307861
 0.477410
 0.650649
 0.547090
 0.828269
 0.885972
 0.913488
 0.923886
 0.927634
 0.931856
 0.934427
 0.415799
 0.596354
 0.710083
 0.818712
 0.859701
 0.882243
 0.523524
 0.888629
 0.924833
 0.933536
 0.940186
 0.942325
 0.945370
 0.946691
 0.947194
 0.948099
 0.949075
 0.948831
 0.348009
 0.701335
 0.868774
 0.913493
 0.927327
 0.931220
 0.835392
 0.904541
 0.923038
 0.932014
 0.936050
 0.939597
 0.938778
 0.943015
 0.525908
 0.773524
 0.861773
 0.884521
 0.906221
 0.913431
 0.922105
 0.925121
 0.924632
 0.928610
 0.932172
 0.934039
 0.935317
 0.936509
 0.937974
 0.938189
 0.938333
 0.942225
 0.942914
 0.943058
 0.944121
 0.944264
 0.944465
 0.945657
 0.945514
 0.945442
 0.944982
 0.946131
 0.946375
 0.946059
 0.946519
 0.946806
 0.946562
 0.946792
 0.948257
 0.947122
 0.948156
 0.595646
 0.841926
 0.903306
 0.864416
 0.919577
 0.931052
 0.938807
 0.676600
 0.884019
 0.916303
 0.255946
 0.538373
 0.771987
 0.229305
 0.492058
 0.728027
 0.415757
 0.803625
 0.886503
 0.895881
 0.497444
 0.854851
 0.235395
 0.575009
 0.793500
 0.828111
 0.879150
 0.896413
 0.906063
 0.914019
 0.921545
 0.925638
 0.929084
 0.931684
 0.933938
 0.935274
 0.937270
 0.939453
 0.941004
 0.941593
 0.943244
 0.943417
 0.943833
 0.943790
 0.944982
 0.945183
 0.946418
 0.947266
 0.947553
 0.947510
 0.947409
 0.948702
 0.948170
 0.948687
 0.949420
 0.949750
 0.949535
 0.949793
 0.950095
 0.454288
 0.775850
 0.873751
 0.788086
 0.863712
 0.916604
 0.204346
 0.237434
 0.308378
 0.245246
 0.289795
 0.371482
 0.419520
 0.587575
 0.670611
 0.724078
 0.748593
 0.768713
 0.781293
 0.793787
 0.801485
 0.812902
 0.820399
 0.824951
 0.830624
 0.837058
 0.842974
 0.841194
 0.846651
 0.851017
 0.852597
 0.856689
 0.857364
 0.860466
 0.862563
 0.863813
 0.866067
 0.867791
 0.868595
 0.871525
 0.874670
 0.875460
